Cimex327	1	118	118	198	198	-9	-9	113	113	101	104	285	285	248	248	195	248	233	233	124	124
Cimex328	1	150	150	198	198	-9	-9	109	113	101	104	285	285	248	248	248	248	233	233	124	124
Cimex329	1	163	163	198	198	-9	-9	111	113	101	104	285	285	248	248	248	248	233	233	124	124
Cimex330	1	150	150	198	198	-9	-9	113	121	-9	-9	285	285	248	248	248	248	233	233	124	124
Cimex331	1	150	150	193	193	-9	-9	113	121	104	104	285	285	248	254	198	248	233	233	124	124
Cimex332	1	150	150	198	198	-9	-9	113	113	104	104	285	285	248	248	-9	-9	233	233	124	124
Cimex402	1	-9	-9	198	198	-9	-9	109	113	98	104	285	285	248	254	195	248	233	233	124	124
Cimex403	1	161	161	196	196	-9	-9	111	113	107	107	285	285	254	254	248	248	229	233	124	124
Cimex404	1	150	150	189	189	-9	-9	111	113	98	107	285	285	248	254	248	248	233	233	124	124
Cimex405	1	138	138	198	198	-9	-9	111	113	98	104	285	285	248	248	248	248	233	233	124	124
Cimex406	1	150	150	198	198	-9	-9	113	121	101	107	285	285	254	254	248	248	233	233	124	124
Cimex407	1	161	161	198	198	-9	-9	111	113	101	104	285	285	248	254	248	248	229	233	124	124
Cimex408	1	161	161	198	198	-9	-9	113	113	101	107	285	285	248	248	248	248	233	233	124	124
Cimex409	1	150	150	196	196	-9	-9	113	113	98	101	285	285	248	248	248	248	233	233	124	124
Cimex410	1	161	161	-9	-9	-9	-9	109	113	104	107	285	285	248	248	195	248	233	233	124	124
Cimex411	1	-9	-9	208	208	-9	-9	113	113	98	101	285	285	248	254	195	195	233	233	124	124
Cimex412	1	119	119	198	198	-9	-9	113	113	101	107	285	285	254	254	195	195	233	233	124	124
Cimex413	1	150	163	198	198	-9	-9	111	113	101	101	285	285	248	248	248	248	229	233	124	124
Cimex414	1	150	150	198	198	-9	-9	111	113	101	107	285	285	248	248	248	248	233	233	124	124
Cimex415	1	-9	-9	198	198	-9	-9	111	111	101	101	285	285	248	248	248	248	233	233	124	124
Cimex416	1	161	161	198	198	-9	-9	113	113	98	107	285	285	248	254	-9	-9	233	233	124	124
Cimex417	1	150	161	196	196	-9	-9	109	113	98	107	285	285	248	254	248	248	233	233	124	124
Cimex418	1	161	161	198	198	-9	-9	111	121	101	104	285	285	248	254	248	248	233	233	124	124
Cimex419	1	150	150	198	198	-9	-9	111	113	-9	-9	285	285	248	248	198	248	233	233	124	124
Cimex420	1	161	161	198	198	-9	-9	113	113	107	107	285	285	248	254	248	248	233	233	124	124
Cimex421	1	161	161	198	198	-9	-9	111	113	101	101	285	285	248	248	248	248	233	233	124	124
Cimex422	1	-9	-9	196	196	-9	-9	113	113	98	107	285	285	248	248	248	248	233	233	124	124
Cimex423	1	161	161	198	198	-9	-9	113	113	104	107	285	285	254	254	248	248	233	233	124	124
Cimex424	1	150	161	196	196	-9	-9	113	113	101	107	285	285	248	248	195	198	233	233	124	124
Cimex425	1	161	161	198	198	-9	-9	111	113	-9	-9	285	285	248	248	248	248	233	233	124	124
Cimex426	1	161	161	198	198	-9	-9	111	113	101	107	285	285	248	248	248	248	233	233	124	124
Cimex427	1	150	150	198	198	206	206	109	111	101	101	285	285	248	254	195	248	233	233	124	124
Cimex428	1	161	161	-9	-9	206	206	113	113	-9	-9	285	285	248	254	195	248	233	233	124	124
Cimex429	1	150	161	198	198	-9	-9	111	113	104	107	285	285	248	248	248	248	233	233	124	124
Cimex430	1	161	161	198	198	206	206	113	121	101	107	285	285	248	254	248	248	233	233	124	124
Cimex431	1	163	163	198	198	206	206	111	113	-9	-9	285	285	248	254	248	248	233	233	124	124
Cimex432	1	170	170	196	196	210	210	113	113	-9	-9	285	285	254	254	248	248	233	233	124	124
Cimex433	1	150	150	196	196	210	210	111	113	-9	-9	285	285	248	248	-9	-9	233	233	124	124
Cimex434	1	-9	-9	198	198	206	206	113	113	-9	-9	285	285	248	248	248	248	233	233	124	124
Cimex435	2	-9	-9	196	196	-9	-9	111	113	101	107	285	285	248	254	195	248	233	233	124	124
Cimex436	2	119	119	198	198	206	206	111	111	98	107	285	285	254	254	-9	-9	233	233	124	124
Cimex437	2	190	190	196	196	-9	-9	109	113	-9	-9	285	285	248	248	248	248	233	233	124	124
Cimex438	2	163	163	-9	-9	206	206	113	113	98	107	285	285	248	254	248	248	233	233	124	130
Cimex439	2	190	190	198	198	208	208	109	109	-9	-9	285	285	248	248	248	248	233	233	130	130
Cimex440	2	190	190	196	196	210	210	111	113	98	104	285	285	254	254	195	248	233	233	124	124
Cimex441	2	163	163	196	196	206	206	111	113	104	104	285	285	248	248	-9	-9	233	233	124	124
Cimex442	2	190	190	196	196	210	210	111	113	-9	-9	285	285	254	254	248	248	229	233	130	130
Cimex443	2	150	150	208	208	206	206	109	109	98	104	285	285	254	254	248	248	233	233	124	124
Cimex444	2	119	119	198	198	210	210	111	111	-9	-9	285	285	248	254	195	195	229	233	124	124
Cimex445	2	150	150	196	196	206	206	111	111	-9	-9	285	285	254	254	248	248	233	233	124	124
Cimex446	2	150	150	-9	-9	210	210	111	113	-9	-9	285	285	254	254	248	248	233	233	124	124
Cimex447	2	150	150	198	198	210	210	109	113	-9	-9	285	285	248	254	248	248	229	229	124	124
Cimex448	2	190	190	-9	-9	206	206	109	113	-9	-9	285	285	254	254	195	201	233	233	124	124
Cimex449	2	150	150	198	198	206	206	109	113	-9	-9	285	285	254	254	248	248	229	233	124	124
Cimex450	2	190	190	196	196	210	210	113	113	-9	-9	285	285	248	254	248	248	233	233	124	124
Cimex451	2	150	150	198	198	206	206	111	113	-9	-9	285	285	248	254	195	248	233	233	124	124
Cimex452	2	119	150	198	198	206	206	109	113	-9	-9	285	285	248	254	248	248	229	233	124	124
Cimex453	2	150	150	198	198	206	206	109	111	101	101	285	285	254	254	248	248	229	233	124	124
Cimex454	2	119	119	196	196	206	206	109	113	98	107	285	285	254	254	195	248	233	233	124	124
Cimex41	3	-9	-9	170	233	206	206	109	115	141	141	285	285	248	254	198	198	-9	-9	120	124
Cimex42	3	-9	-9	170	233	204	206	109	115	141	141	285	285	248	248	198	198	229	229	120	124
Cimex43	3	163	163	170	170	-9	-9	109	109	141	141	285	285	248	248	198	198	-9	-9	120	124
Cimex44	3	165	165	170	170	204	206	109	109	141	141	285	285	248	248	198	198	229	229	120	124
Cimex45	3	-9	-9	170	170	-9	-9	109	115	141	141	285	285	248	254	198	198	-9	-9	124	124
Cimex46	3	-9	-9	170	170	204	206	109	109	141	141	285	285	248	254	198	198	229	229	120	124
Cimex47	3	150	165	170	170	-9	-9	109	109	-9	-9	285	285	248	254	198	198	-9	-9	120	124
Cimex48	3	165	165	233	233	204	206	109	109	141	141	285	285	248	254	198	198	229	229	120	124
Cimex49	3	-9	-9	170	233	-9	-9	115	115	141	141	285	285	248	248	198	198	-9	-9	120	120
Cimex50	3	-9	-9	233	233	204	206	109	115	141	141	285	285	248	248	198	198	229	229	120	120
Cimex51	3	150	165	170	233	-9	-9	109	115	118	141	285	285	248	248	198	198	-9	-9	120	124
Cimex52	3	165	165	233	233	204	206	109	109	-9	-9	285	285	254	257	198	198	229	229	120	124
Cimex53	3	-9	-9	170	233	-9	-9	109	115	141	141	285	285	248	254	198	198	-9	-9	124	124
Cimex54	3	-9	-9	233	233	206	206	109	109	141	141	285	285	254	254	198	198	229	229	120	124
Cimex55	3	-9	-9	170	233	-9	-9	109	109	141	141	285	285	248	248	198	198	-9	-9	-9	-9
Cimex56	4	-9	-9	159	159	189	189	111	113	120	120	285	285	257	257	200	200	229	229	136	136
Cimex57	4	-9	-9	159	159	-9	-9	111	111	120	120	285	285	257	257	200	200	229	229	136	136
Cimex58	4	-9	-9	159	159	189	189	111	113	120	120	285	285	257	257	200	200	229	229	136	136
Cimex59	4	159	159	159	159	189	189	111	111	120	120	285	285	257	257	200	200	229	229	136	136
Cimex60	4	159	159	159	159	189	189	111	113	120	120	285	285	257	257	200	200	229	229	136	136
Cimex61	4	159	159	159	159	189	189	111	113	120	120	285	285	257	257	200	200	229	229	136	136
Cimex62	4	-9	-9	159	159	189	189	111	113	120	120	285	285	257	257	200	200	229	229	136	136
Cimex63	4	-9	-9	159	159	189	189	111	111	120	120	285	285	257	257	200	200	229	229	136	136
Cimex64	4	-9	-9	159	159	189	189	111	111	120	120	285	285	257	257	200	200	229	229	136	136
Cimex65	4	-9	-9	159	159	189	189	111	113	120	120	285	285	257	257	200	200	229	229	136	136
Cimex66	4	-9	-9	159	159	189	189	111	113	-9	-9	285	285	257	257	200	200	229	229	136	136
Cimex67	5	-9	-9	159	159	189	189	111	111	120	120	285	285	257	257	200	200	229	229	136	136
Cimex68	5	-9	-9	159	159	189	189	111	113	120	120	285	285	257	257	200	200	229	229	136	136
Cimex69	5	-9	-9	159	159	189	189	111	111	-9	-9	285	285	257	257	200	200	229	229	136	136
Cimex70	5	150	159	159	159	189	189	111	113	120	120	285	285	257	257	200	200	229	229	136	136
Cimex71	5	-9	-9	159	159	189	189	111	113	120	120	285	285	257	257	200	200	229	229	136	136
Cimex72	5	-9	-9	159	159	189	189	111	113	120	120	285	285	257	257	200	200	229	229	136	136
Cimex73	5	159	159	159	159	-9	-9	111	111	120	120	285	285	257	257	200	200	-9	-9	136	136
Cimex74	5	159	159	159	159	189	189	111	113	120	120	285	285	257	257	200	200	229	229	136	136
Cimex75	5	159	159	159	159	-9	-9	113	113	120	120	285	285	257	257	200	200	-9	-9	136	136
Cimex76	5	159	159	159	159	189	189	111	111	120	120	285	285	257	257	200	200	229	229	136	136
Cimex77	5	159	159	159	159	-9	-9	111	113	120	120	285	285	257	257	200	200	-9	-9	136	136
Cimex238	6	161	161	-9	-9	189	189	115	115	116	116	289	289	248	257	198	198	229	229	124	130
Cimex239	6	161	161	167	167	189	189	115	115	116	116	289	289	257	257	198	198	229	229	124	130
Cimex240	6	161	161	167	167	189	189	113	115	116	124	289	289	257	257	198	198	229	229	124	130
Cimex225	7	150	167	167	167	189	189	-9	-9	-9	-9	285	285	257	257	-9	-9	-9	-9	136	136
Cimex226	7	150	163	-9	-9	204	206	109	109	122	124	285	285	257	257	-9	-9	-9	-9	136	136
Cimex242	8	161	161	167	167	189	189	109	109	120	120	285	285	257	257	200	200	229	229	136	136
Cimex243	8	161	161	167	167	189	189	109	109	120	120	285	285	257	257	200	200	229	229	136	136
Cimex244	8	161	161	167	167	189	189	-9	-9	120	120	285	285	257	257	200	200	229	229	136	136
Cimex245	8	161	161	167	167	-9	-9	-9	-9	120	120	285	285	257	257	200	200	229	229	136	136
Cimex246	8	161	161	167	167	189	189	109	109	120	120	285	285	257	257	200	200	229	229	136	136
Cimex248	9	161	161	191	191	191	191	111	111	139	141	285	285	257	257	198	198	229	229	120	130
Cimex249	9	161	161	191	191	191	191	111	115	139	141	285	285	257	257	198	198	229	229	120	130
Cimex250	9	170	170	191	191	191	191	111	113	139	141	285	285	257	257	198	200	229	229	130	130
Cimex251	9	161	161	191	191	191	191	111	111	139	141	285	285	257	257	198	198	229	229	130	130
Cimex252	9	161	161	191	191	191	191	111	111	139	141	285	285	257	257	198	198	229	229	120	130
Cimex253	9	161	161	191	191	191	191	111	111	139	141	285	285	257	257	198	198	229	229	120	120
Cimex254	9	161	161	191	191	191	191	111	111	139	141	285	285	257	257	198	198	229	229	120	120
Cimex255	9	161	161	191	191	191	191	111	115	139	141	285	285	257	257	198	198	229	229	130	130
Cimex256	9	161	161	191	191	191	191	111	115	139	141	285	285	257	257	198	198	229	229	120	130
Cimex257	9	161	161	191	191	191	191	111	111	124	124	285	285	257	257	198	198	229	229	120	130
Cimex258	9	161	161	191	191	191	191	111	111	139	141	285	285	257	257	198	198	229	229	120	130
Cimex259	9	161	161	191	191	191	191	111	115	141	143	285	285	257	257	198	198	229	229	120	120
Cimex260	9	161	161	191	191	191	191	111	111	141	143	285	285	257	257	198	198	229	229	120	120
Cimex261	9	161	161	191	191	191	191	111	115	139	141	285	285	257	257	198	198	229	229	120	130
Cimex262	9	161	161	191	191	191	191	111	111	139	141	285	285	257	257	198	198	229	229	120	130
Cimex263	9	161	161	191	191	191	191	111	115	140	141	285	285	257	257	198	198	229	229	120	130
Cimex264	9	161	161	191	191	191	191	111	111	140	142	285	285	257	257	198	198	229	229	120	130
Cimex265	9	161	161	191	191	191	191	111	111	124	141	285	285	257	257	198	253	229	229	130	130
Cimex266	9	161	161	191	191	191	191	111	115	139	141	285	285	257	257	198	198	229	229	120	120
Cimex267	9	161	161	191	191	191	191	111	115	141	143	285	285	257	257	198	198	229	229	120	130
Cimex268	9	161	161	191	191	191	191	111	115	124	124	285	285	257	257	198	198	229	229	120	130
Cimex269	9	161	161	191	191	191	191	111	111	141	143	285	285	257	257	198	198	229	229	130	130
Cimex270	9	161	161	191	191	191	191	-9	-9	137	140	285	285	257	257	198	198	229	229	130	130
Cimex271	9	161	161	191	191	191	191	111	115	139	141	285	285	257	257	198	198	229	229	120	120
Cimex272	9	161	161	191	191	191	191	111	111	137	140	285	285	257	257	198	198	229	229	130	130
Cimex273	9	161	161	191	191	191	191	111	111	124	124	285	285	257	257	198	198	229	229	130	130
Cimex274	9	161	161	191	191	191	191	111	115	139	141	285	285	257	257	198	198	229	229	130	130
Cimex275	9	161	161	191	191	191	191	111	111	139	141	285	285	257	257	198	198	229	229	120	130
Cimex276	9	161	161	191	191	191	191	111	111	124	124	285	285	257	257	198	198	229	229	130	130
Cimex277	9	161	161	191	191	191	191	111	111	124	141	285	285	257	257	198	198	229	229	130	130
Cimex309	10	150	150	167	167	212	212	111	111	-9	-9	285	285	248	248	198	251	229	229	130	130
Cimex310	10	150	150	167	167	212	212	111	111	-9	-9	285	285	248	248	251	251	229	229	130	130
Cimex311	10	150	150	167	167	-9	-9	111	111	124	124	285	285	248	248	198	198	229	229	130	130
Cimex313	11	153	153	167	167	187	187	113	113	122	124	285	285	248	257	198	198	229	229	130	130
Cimex314	11	153	153	167	167	-9	-9	111	113	120	141	285	285	248	257	198	198	229	233	130	130
Cimex316	11	157	157	167	167	187	187	97	113	122	122	285	285	248	248	200	200	229	229	120	120
Cimex317	11	157	157	167	167	187	204	97	113	-9	-9	285	285	248	248	200	200	229	229	120	136
Cimex318	11	153	153	167	167	191	191	109	109	-9	-9	285	285	248	248	198	198	229	229	130	136
Cimex396	11	150	150	193	193	-9	-9	115	115	124	124	289	289	248	254	251	251	229	229	130	130
Cimex200	14	150	150	167	189	189	199	109	109	122	133	285	285	248	248	-9	-9	229	229	136	136
Cimex201	14	150	159	167	189	189	199	109	109	122	133	285	285	248	248	198	198	229	229	136	136
Cimex202	14	150	159	167	189	189	199	109	109	122	133	285	285	248	248	198	198	229	229	136	136
Cimex203	14	150	159	167	189	189	189	-9	-9	122	122	285	285	248	248	-9	-9	229	229	136	136
Cimex204	14	150	159	167	167	189	199	-9	-9	122	122	285	285	248	248	-9	-9	229	229	136	136
Cimex205	14	150	159	-9	-9	189	189	109	109	122	122	285	285	248	248	198	198	229	229	136	136
Cimex206	14	150	159	167	189	189	199	109	109	122	133	285	285	248	248	-9	-9	229	229	136	136
Cimex207	14	150	159	167	189	189	199	-9	-9	122	133	285	285	248	257	198	198	-9	-9	136	136
Cimex208	14	150	150	-9	-9	189	189	109	109	122	122	285	285	248	248	198	198	229	229	136	136
Cimex209	14	150	159	229	229	189	189	109	109	120	120	285	285	257	257	-9	-9	229	229	133	133
Cimex210	14	150	159	229	229	189	189	-9	-9	-9	-9	285	285	257	257	-9	-9	229	229	133	133
Cimex211	14	150	159	229	229	189	189	109	109	120	120	285	285	257	257	-9	-9	229	229	133	133
Cimex212	14	150	159	229	229	189	189	109	109	120	120	285	285	257	257	-9	-9	-9	-9	133	133
Cimex213	14	150	159	229	229	189	189	109	109	-9	-9	285	285	257	257	201	201	-9	-9	133	133
Cimex214	14	150	159	229	229	189	189	109	109	-9	-9	285	285	257	257	200	200	229	229	133	133
Cimex215	14	159	159	229	229	189	189	109	109	-9	-9	285	285	257	257	-9	-9	-9	-9	133	133
Cimex216	14	150	159	229	229	189	189	109	109	118	120	285	285	257	257	-9	-9	-9	-9	133	133
Cimex217	14	150	159	229	229	189	189	109	109	118	120	285	285	257	257	-9	-9	-9	-9	133	133
Cimex218	14	150	159	170	170	189	189	111	111	128	130	285	285	248	254	-9	-9	-9	-9	133	133
Cimex219	14	159	165	170	170	189	199	109	111	128	128	285	285	254	254	198	198	-9	-9	133	133
Cimex220	14	159	165	167	229	189	189	109	109	118	118	285	285	257	257	-9	-9	229	229	133	133
Cimex221	14	150	159	229	229	189	189	109	109	118	118	285	285	257	257	-9	-9	-9	-9	133	133
Cimex222	14	150	159	229	229	189	189	109	109	120	120	285	285	257	257	-9	-9	229	229	133	133
Cimex223	14	150	159	229	229	189	189	109	109	118	120	285	285	257	257	200	200	-9	-9	133	133
Cimex227	15	150	163	229	229	189	189	109	109	118	118	285	285	257	257	-9	-9	-9	-9	133	133
Cimex228	15	150	161	229	229	189	189	109	109	-9	-9	285	285	257	257	-9	-9	229	229	133	133
Cimex229	15	150	161	229	229	189	189	109	109	118	120	285	285	257	257	251	251	-9	-9	133	133
Cimex230	15	161	161	170	170	189	189	109	109	120	120	285	285	257	257	200	251	229	229	133	133
Cimex231	15	161	161	170	170	189	189	109	109	120	120	285	285	257	257	200	251	229	229	133	133
Cimex232	15	161	161	170	170	189	189	109	109	118	118	285	285	257	257	200	200	229	229	133	133
Cimex233	15	161	161	170	170	189	189	109	109	118	118	285	285	257	257	200	251	229	229	133	133
Cimex234	15	161	161	170	170	189	189	97	97	120	120	285	285	257	257	200	251	229	229	133	133
Cimex235	15	161	161	170	170	189	189	-9	-9	120	120	285	285	257	257	200	251	229	229	133	133
Cimex236	15	161	161	167	167	189	189	-9	-9	120	120	285	285	257	257	200	200	229	229	133	133
Cimex237	15	161	161	167	167	189	189	-9	-9	120	120	285	285	257	257	200	251	229	229	133	133
Cimex319	16	157	157	-9	-9	-9	-9	109	113	-9	-9	285	285	248	248	198	198	229	229	120	136
Cimex224	18	150	159	167	167	189	189	111	115	140	142	289	289	257	257	-9	-9	-9	-9	130	136
Cimex78	19	167	167	186	193	189	189	113	115	124	124	285	289	248	254	198	251	229	229	124	130
Cimex79	19	167	167	186	186	-9	-9	113	113	124	124	285	289	248	248	195	195	-9	-9	130	133
Cimex80	19	167	167	193	229	199	214	113	113	124	124	285	285	248	254	-9	-9	229	229	124	133
Cimex81	19	167	167	186	193	-9	-9	113	113	124	124	-9	-9	248	254	195	251	-9	-9	124	130
Cimex82	19	167	167	186	193	189	189	113	113	124	124	285	285	248	248	195	198	229	229	130	136
Cimex83	19	165	165	193	229	-9	-9	113	113	-9	-9	285	285	248	248	198	198	-9	-9	133	136
Cimex84	19	165	165	186	229	199	199	113	115	124	124	289	289	254	254	198	251	229	229	130	136
Cimex85	19	165	165	186	229	-9	-9	115	115	124	124	285	285	248	254	195	198	-9	-9	124	133
Cimex86	19	165	165	193	229	212	214	113	115	124	124	285	285	248	254	198	198	229	229	133	136
Cimex87	19	-9	-9	229	229	189	199	113	115	124	124	285	285	248	248	195	198	-9	-9	124	136
Cimex88	19	-9	-9	186	229	189	214	115	115	124	124	285	285	248	254	198	198	229	229	133	136
Cimex89	19	167	167	229	229	199	214	113	113	124	124	285	285	248	254	198	198	229	229	124	124
Cimex90	19	167	167	-9	-9	189	199	115	115	124	124	285	285	248	248	198	198	229	229	133	136
Cimex91	19	167	167	193	229	189	189	115	115	124	124	285	285	248	254	198	251	229	229	130	136
Cimex92	20	167	167	-9	-9	189	199	113	115	124	124	285	285	248	254	198	251	229	229	124	133
Cimex93	20	167	167	186	186	199	199	115	115	124	124	285	289	248	254	195	251	229	229	124	133
Cimex94	20	167	167	-9	-9	189	214	115	115	124	124	289	289	248	248	198	198	229	229	124	124
Cimex95	20	167	167	186	193	199	199	113	115	124	124	285	285	248	248	195	195	229	229	130	133
Cimex96	20	167	167	-9	-9	189	189	115	115	124	124	289	289	248	248	198	198	229	229	130	136
Cimex97	20	167	167	193	229	189	189	113	115	124	124	285	285	248	254	195	198	229	229	124	124
Cimex98	20	167	167	-9	-9	199	199	113	113	124	124	285	285	248	248	198	251	229	229	124	130
Cimex99	20	167	167	193	229	189	189	113	115	124	124	285	285	248	254	195	198	229	229	133	133
Cimex100	20	165	165	-9	-9	199	214	-9	-9	124	124	289	289	248	254	198	251	229	229	124	136
Cimex101	20	150	165	193	229	214	214	115	115	-9	-9	285	285	248	248	195	195	229	229	124	133
Cimex102	20	150	165	-9	-9	189	199	115	115	124	124	285	289	248	254	198	251	229	229	124	133
Cimex103	20	165	165	193	229	189	199	115	115	124	124	285	285	248	254	251	251	229	229	136	136
Cimex104	20	150	165	-9	-9	189	199	113	115	124	124	285	285	254	254	198	251	229	229	130	136
Cimex105	20	150	167	186	193	189	214	-9	-9	124	124	285	285	248	254	195	251	229	229	130	136
Cimex106	20	150	165	186	193	189	189	115	115	124	124	285	285	248	254	198	198	229	229	124	136
Cimex107	20	150	165	229	229	189	189	115	115	124	124	285	285	254	254	198	251	229	229	124	130
Cimex108	20	150	165	193	229	189	189	113	115	124	124	289	289	248	248	198	251	229	229	136	136
Cimex109	20	150	165	186	229	189	189	113	115	124	124	285	285	248	254	198	198	229	229	130	133
Cimex110	20	150	165	186	229	199	214	113	115	-9	-9	285	289	248	248	198	198	229	229	133	133
Cimex111	20	150	165	193	229	199	199	113	115	124	124	285	285	248	248	198	198	229	229	130	133
Cimex112	20	150	165	186	229	199	214	113	115	-9	-9	289	289	248	254	198	198	229	229	124	133
Cimex113	21	150	150	173	186	199	214	115	115	-9	-9	289	289	248	254	198	251	-9	-9	130	136
Cimex114	21	150	150	186	186	199	214	115	115	-9	-9	289	289	248	248	198	198	229	229	130	136
Cimex115	21	150	150	173	186	214	214	113	115	124	124	289	289	254	254	251	251	229	229	130	130
Cimex116	21	150	150	186	186	214	214	113	115	-9	-9	289	289	248	248	198	198	-9	-9	136	136
Cimex117	21	150	150	186	186	214	214	113	115	124	124	289	289	248	248	198	198	229	229	130	136
Cimex118	21	150	150	186	186	199	214	113	115	-9	-9	289	289	248	248	198	198	229	229	-9	-9
Cimex119	21	150	150	173	186	214	214	115	115	124	124	285	289	248	254	198	251	229	229	130	136
Cimex120	21	150	150	186	186	189	214	115	115	-9	-9	289	289	248	254	198	198	229	229	-9	-9
Cimex121	21	150	150	186	186	214	214	113	115	-9	-9	289	289	248	254	198	198	229	229	136	136
Cimex122	21	150	150	-9	-9	199	214	113	115	124	124	289	289	248	254	-9	-9	229	229	130	130
Cimex123	21	150	150	173	186	214	214	115	115	124	124	289	289	248	248	198	198	-9	-9	136	136
Cimex124	21	150	150	-9	-9	214	214	115	115	-9	-9	289	289	248	248	-9	-9	229	229	136	136
Cimex125	21	150	150	186	186	189	199	113	115	-9	-9	289	289	248	254	-9	-9	229	229	-9	-9
Cimex126	21	150	150	-9	-9	199	199	115	115	-9	-9	289	289	248	254	-9	-9	229	229	-9	-9
Cimex127	21	150	150	191	191	199	214	113	115	124	124	289	289	248	254	-9	-9	229	229	-9	-9
Cimex128	21	150	150	-9	-9	214	214	113	115	-9	-9	285	289	248	254	-9	-9	-9	-9	136	136
Cimex129	21	150	150	191	191	189	199	115	115	-9	-9	289	289	248	254	198	251	229	229	130	136
Cimex130	21	150	150	-9	-9	199	214	113	115	-9	-9	289	289	248	254	-9	-9	-9	-9	130	136
Cimex132	21	150	150	186	186	199	199	115	115	124	124	289	289	248	254	198	198	-9	-9	-9	-9
Cimex133	21	150	150	173	173	-9	-9	115	115	124	124	289	289	248	248	198	198	229	229	130	136
Cimex134	21	150	150	173	173	199	199	113	115	124	124	289	289	248	254	198	198	229	229	130	136
Cimex135	21	150	150	191	191	-9	-9	115	115	124	127	285	289	248	254	198	251	229	229	-9	-9
Cimex136	21	150	161	191	191	199	199	115	115	127	127	289	289	248	254	198	251	229	229	-9	-9
Cimex137	21	150	150	173	191	-9	-9	115	115	-9	-9	285	285	248	254	198	251	229	229	-9	-9
Cimex138	21	150	150	170	170	-9	-9	115	115	124	124	289	289	248	254	198	251	229	229	130	136
Cimex139	21	150	161	173	173	199	199	115	115	124	124	289	289	248	254	198	251	229	229	136	136
Cimex140	22	150	150	193	229	-9	-9	115	115	118	124	285	289	248	257	198	198	229	229	136	136
Cimex141	23	150	150	-9	-9	-9	-9	113	113	-9	-9	-9	-9	257	257	198	198	229	229	136	136
Cimex142	23	161	161	229	229	-9	-9	113	113	-9	-9	285	285	257	257	198	198	229	229	-9	-9
Cimex143	23	161	161	-9	-9	-9	-9	113	113	-9	-9	-9	-9	257	257	198	198	229	229	136	136
Cimex144	23	161	161	-9	-9	-9	-9	113	113	-9	-9	285	285	257	257	198	198	229	229	-9	-9
Cimex145	23	161	161	-9	-9	-9	-9	113	113	-9	-9	-9	-9	257	257	198	198	229	229	-9	-9
Cimex146	24	-9	-9	191	191	189	189	115	115	-9	-9	289	289	248	248	198	198	229	229	-9	-9
Cimex147	24	150	150	191	191	189	189	115	115	118	118	289	289	248	248	198	198	229	229	-9	-9
Cimex148	24	150	150	191	191	189	189	115	115	-9	-9	289	289	248	248	198	198	229	229	133	136
Cimex149	24	150	150	191	191	189	189	115	115	-9	-9	289	289	248	248	198	198	229	229	136	136
Cimex150	24	150	150	191	191	189	189	115	115	118	118	289	289	248	248	198	198	229	229	136	136
Cimex151	24	150	150	191	191	189	189	115	115	-9	-9	289	289	248	248	198	198	229	229	-9	-9
Cimex152	24	150	150	191	191	189	189	115	115	-9	-9	289	289	248	248	198	198	229	229	136	136
Cimex153	24	150	150	191	191	189	189	115	115	-9	-9	289	289	248	248	198	198	229	229	-9	-9
Cimex154	24	150	150	191	191	-9	-9	115	115	-9	-9	289	289	248	248	198	198	229	229	-9	-9
Cimex155	24	150	150	191	191	189	189	115	115	118	118	289	289	248	248	198	198	229	229	136	136
Cimex156	24	150	150	191	191	189	189	115	115	118	118	289	289	248	248	198	198	229	229	136	136
Cimex157	24	150	150	191	191	189	189	115	115	118	118	289	289	248	248	198	198	229	229	-9	-9
Cimex158	24	150	150	191	191	189	189	115	115	118	118	289	289	248	248	198	198	229	229	133	136
Cimex160	24	150	150	191	191	189	189	115	115	-9	-9	289	289	248	248	198	198	229	229	136	136
Cimex161	24	150	150	191	191	189	189	115	115	-9	-9	289	289	248	248	198	198	229	229	130	136
Cimex162	24	150	150	191	191	-9	-9	115	115	-9	-9	289	289	248	248	198	198	229	229	136	136
Cimex163	24	150	150	191	191	189	189	115	115	-9	-9	289	289	248	248	198	198	229	229	-9	-9
Cimex164	24	150	150	191	191	189	189	115	115	-9	-9	289	289	248	248	198	198	229	229	-9	-9
Cimex165	24	150	150	191	191	189	189	115	115	-9	-9	289	289	248	248	198	198	229	229	136	136
Cimex166	24	150	150	191	191	189	189	115	115	118	118	289	289	248	248	198	198	229	229	136	136
Cimex167	24	150	150	191	191	189	189	115	115	118	118	289	289	248	248	198	198	229	229	130	136
Cimex168	24	150	150	191	191	189	189	115	115	-9	-9	289	289	248	248	198	198	229	229	130	133
Cimex169	24	150	150	191	191	189	189	115	115	-9	-9	289	289	248	248	198	198	229	229	136	136
Cimex170	24	150	150	191	191	189	189	115	115	118	118	289	289	248	248	198	198	229	229	136	136
Cimex171	24	150	150	191	191	-9	-9	115	115	-9	-9	289	289	248	248	198	198	229	229	-9	-9
Cimex172	24	150	150	191	191	-9	-9	115	115	-9	-9	289	289	248	248	198	198	229	229	133	136
Cimex173	24	150	150	191	191	-9	-9	115	115	118	118	289	289	248	248	198	198	229	229	136	136
Cimex174	24	150	150	191	191	189	189	115	115	118	118	289	289	248	248	198	198	229	229	136	136
Cimex175	24	150	150	191	191	189	189	115	115	118	118	289	289	248	248	198	198	229	229	130	136
Cimex352	25	150	150	-9	-9	-9	-9	111	115	124	124	285	289	248	248	198	251	229	229	133	133
Cimex353	25	150	150	-9	-9	-9	-9	111	111	124	124	285	289	248	248	198	251	229	229	133	133
Cimex354	25	150	150	-9	-9	189	189	111	115	124	124	289	289	248	248	198	198	229	229	130	136
Cimex355	25	150	150	-9	-9	189	212	111	111	-9	-9	285	289	248	248	198	251	229	229	130	133
Cimex356	25	150	150	191	191	212	214	111	115	-9	-9	289	289	248	248	198	198	229	229	133	136
Cimex357	25	150	150	-9	-9	-9	-9	115	115	124	124	-9	-9	-9	-9	-9	-9	229	229	130	130
Cimex358	25	150	150	-9	-9	-9	-9	111	111	-9	-9	285	289	248	248	198	198	229	229	130	133
Cimex399	26	150	150	-9	-9	-9	-9	111	111	-9	-9	-9	-9	248	248	198	198	229	229	130	130
Cimex400	26	150	150	-9	-9	-9	-9	111	111	118	118	285	285	248	248	251	251	229	229	130	130
Cimex401	26	150	150	-9	-9	-9	-9	111	111	-9	-9	285	285	248	248	198	198	229	229	130	130
Cimex176	27	150	150	173	173	189	189	111	111	118	118	285	285	248	248	198	198	229	229	130	130
Cimex177	27	150	150	173	173	189	189	111	111	118	118	285	285	248	248	198	198	229	229	130	130
Cimex178	27	150	150	173	229	189	189	111	111	118	118	285	285	248	254	198	198	229	229	130	130
Cimex179	27	150	150	173	173	189	189	111	111	118	118	285	285	248	248	198	198	229	229	130	130
Cimex180	27	150	150	173	173	189	189	111	111	118	118	285	285	248	248	198	198	229	229	130	130
Cimex181	27	150	150	173	193	-9	-9	111	115	118	124	285	285	254	257	198	198	229	229	130	130
Cimex182	27	150	150	193	193	189	189	111	111	118	124	285	285	248	248	198	198	229	229	130	130
Cimex183	27	150	165	173	173	189	189	111	111	-9	-9	285	285	248	248	198	198	229	229	130	130
Cimex184	27	150	150	233	233	189	189	111	111	-9	-9	285	285	248	248	198	198	229	229	130	130
Cimex185	27	150	150	193	233	189	189	111	111	-9	-9	285	285	248	248	198	198	229	229	130	130
Cimex186	27	150	150	173	173	189	189	-9	-9	118	118	285	285	248	248	198	198	229	229	130	130
Cimex187	27	150	150	173	193	189	189	111	115	118	124	285	285	248	257	198	198	229	229	130	130
Cimex188	27	150	150	173	173	189	189	111	111	118	118	285	285	248	248	198	198	229	229	130	130
Cimex189	27	150	150	193	193	189	189	111	115	118	124	285	285	248	257	198	198	229	229	130	130
Cimex190	27	150	150	173	173	189	189	-9	-9	-9	-9	285	285	248	248	198	198	229	229	130	130
Cimex191	27	150	150	173	173	189	189	-9	-9	118	118	285	285	248	248	-9	-9	229	229	130	130
Cimex192	27	150	150	173	173	189	189	-9	-9	-9	-9	285	285	248	248	198	198	229	229	130	130
Cimex193	27	150	150	173	173	189	189	-9	-9	118	118	285	285	248	248	198	198	229	229	130	130
Cimex194	27	150	150	173	173	189	189	-9	-9	118	118	285	285	248	248	-9	-9	229	229	130	130
Cimex195	27	150	150	173	173	189	189	-9	-9	118	118	285	285	248	248	-9	-9	229	229	130	130
Cimex196	27	150	150	173	173	189	189	-9	-9	-9	-9	285	285	248	248	198	198	229	229	130	130
Cimex198	27	150	150	173	173	189	189	111	111	-9	-9	285	285	248	248	198	198	229	229	130	130
Cimex199	27	150	150	173	173	189	189	111	115	118	118	285	285	254	257	198	198	229	229	130	130
Cimex359	27	150	150	170	170	189	189	111	111	-9	-9	285	285	254	257	198	198	229	229	130	130
Cimex360	27	150	150	193	193	189	189	111	111	-9	-9	285	285	248	257	198	198	229	229	130	130
Cimex361	27	150	150	193	193	189	189	111	111	-9	-9	285	285	248	257	198	198	229	229	130	130
Cimex362	27	150	153	170	170	189	189	111	111	-9	-9	285	285	254	254	198	198	229	229	130	130
Cimex363	27	150	150	170	170	189	189	111	111	-9	-9	285	285	254	254	198	198	229	229	130	130
Cimex364	27	150	150	170	170	189	189	111	111	-9	-9	285	285	254	254	198	198	229	229	130	130
Cimex365	27	150	150	170	170	189	189	111	111	-9	-9	285	285	248	257	198	198	229	229	130	130
Cimex366	27	150	150	170	170	189	189	111	111	-9	-9	285	285	254	254	198	198	229	229	130	130
Cimex367	27	150	150	170	170	189	189	111	111	-9	-9	285	285	248	254	198	198	229	229	130	130
Cimex368	27	150	150	170	170	189	189	111	111	118	124	285	285	254	257	198	198	229	229	130	130
Cimex369	27	150	150	-9	-9	189	189	113	113	118	118	285	285	254	254	198	198	229	229	130	130
Cimex370	27	150	161	-9	-9	189	189	115	115	124	124	285	285	257	257	198	198	229	229	130	130
Cimex371	27	150	150	170	170	189	189	113	113	118	118	285	285	248	248	198	198	229	229	130	130
Cimex372	27	150	150	-9	-9	189	189	113	113	118	118	285	285	254	254	198	198	229	229	130	130
Cimex373	27	150	150	-9	-9	189	189	113	113	118	118	285	285	254	257	198	198	229	229	130	130
Cimex336	28	150	150	-9	-9	189	189	109	113	124	141	285	285	257	257	200	200	229	229	130	130
Cimex337	28	150	150	167	167	189	189	113	113	124	124	289	289	248	248	198	251	229	229	130	130
Cimex338	28	150	150	167	167	189	189	109	109	124	141	289	289	248	257	198	198	229	229	130	130
Cimex339	28	150	150	167	167	189	189	109	113	140	142	289	289	254	257	198	251	229	229	130	130
Cimex340	28	150	150	-9	-9	-9	-9	109	113	124	124	285	285	248	257	198	198	229	229	130	130
Cimex341	28	150	150	-9	-9	189	189	109	113	124	141	285	285	254	257	200	251	229	229	130	130
Cimex342	28	150	150	229	229	212	212	113	113	-9	-9	289	289	257	257	200	200	229	229	130	130
Cimex343	28	150	150	-9	-9	189	189	113	113	-9	-9	285	289	254	257	200	200	229	229	130	130
Cimex344	28	150	150	-9	-9	-9	-9	109	113	124	124	289	289	248	254	198	251	229	229	130	130
Cimex345	28	150	150	167	167	189	189	115	115	-9	-9	289	289	254	254	251	251	229	229	130	130
Cimex346	28	150	150	167	167	189	212	115	115	-9	-9	289	289	254	254	251	251	229	229	130	130
Cimex347	28	150	150	-9	-9	-9	-9	115	115	127	127	289	289	254	254	251	251	229	229	130	130
Cimex348	28	150	150	167	167	189	189	113	113	-9	-9	289	289	254	254	251	251	229	229	130	130
Cimex349	28	150	150	167	167	189	189	115	115	-9	-9	289	289	254	254	251	251	229	229	130	130
Cimex350	28	150	150	167	167	189	189	115	115	127	127	289	289	254	254	251	251	229	229	130	130
Cimex351	28	150	150	167	167	189	189	115	115	127	127	289	289	254	254	251	251	229	229	130	130
Cimex374	28	150	150	167	167	189	189	115	115	124	124	289	289	254	254	251	251	229	229	130	130
Cimex375	28	150	150	167	167	-9	-9	115	115	124	124	289	289	254	254	251	251	229	229	130	130
Cimex376	28	150	150	167	167	189	189	115	115	124	124	289	289	254	254	251	251	229	229	130	130
Cimex377	28	150	150	167	167	-9	-9	115	115	124	127	289	289	254	254	251	251	229	229	130	130
Cimex378	28	150	150	167	167	-9	-9	115	115	124	124	289	289	254	254	251	251	229	229	130	130
Cimex379	28	150	159	167	167	-9	-9	115	115	124	124	289	289	254	254	251	251	229	229	130	130
Cimex380	28	150	150	167	167	189	189	115	115	124	127	289	289	254	254	251	251	229	229	130	130
Cimex381	28	150	150	-9	-9	-9	-9	115	115	124	127	289	289	254	254	251	251	229	229	130	130
Cimex382	28	150	150	167	167	-9	-9	115	115	124	124	289	289	254	254	251	251	229	229	130	130
Cimex383	28	150	150	167	167	-9	-9	115	115	124	124	289	289	254	254	251	251	229	229	130	130
Cimex384	28	150	150	167	167	-9	-9	115	115	124	127	289	289	254	254	251	251	229	229	130	130
Cimex385	28	150	161	170	170	-9	-9	113	113	124	124	285	289	254	254	200	251	229	229	120	124
Cimex386	28	150	150	167	167	-9	-9	113	115	124	124	285	285	254	254	200	200	229	229	120	124
Cimex387	28	150	150	167	167	-9	-9	115	115	124	127	289	289	248	254	198	251	229	229	130	130
Cimex388	28	150	150	167	167	-9	-9	115	115	124	124	289	289	254	254	251	251	229	229	130	130
Cimex389	28	150	150	191	191	-9	-9	115	115	124	124	289	289	254	254	251	251	229	229	130	130
Cimex390	28	150	150	167	167	-9	-9	115	115	124	124	289	289	254	254	251	251	229	229	130	130
Cimex391	28	150	150	167	167	-9	-9	115	115	124	124	289	289	254	254	251	251	229	229	130	130
Cimex392	28	150	161	170	170	-9	-9	115	115	124	124	285	285	254	254	198	198	229	229	124	124
Cimex393	28	150	161	170	170	189	189	113	113	122	122	285	285	254	254	200	200	229	229	120	124
Cimex394	28	153	153	170	170	-9	-9	113	115	124	124	285	285	254	254	200	200	229	229	120	124
Cimex461	29	-9	-9	191	191	189	189	113	113	124	124	285	285	248	248	198	198	229	229	130	130
Cimex455	30	161	161	170	170	199	199	113	115	-9	-9	285	285	248	248	195	195	229	229	130	130
Cimex456	30	161	161	170	170	212	212	113	113	128	128	285	285	248	248	195	195	229	229	130	136
Cimex457	30	161	161	170	170	199	199	113	113	128	128	285	285	248	248	198	198	229	229	130	130
Cimex458	30	150	161	170	170	199	199	113	113	128	128	285	285	248	248	198	198	229	229	130	130
Cimex459	30	150	161	-9	-9	199	199	113	113	128	128	285	285	248	248	198	198	229	229	130	130
Cimex462	30	165	165	170	170	199	199	113	113	128	128	285	285	248	248	198	198	229	229	130	136
